1.201361123299924284e+07
2.827828729832433630e+06
2.054594763951758295e+07
1.603908056382125244e+06
4.771808650394195574e+05
5.700386830522263423e+06
6.871107565481042257e+05
4.804078014606637298e+05
1.903689477552816505e+06
1.127231622802420170e+05
4.186350417441150639e+06
4.948545738372333581e+05
4.185367619441267569e+06
1.844990873980324250e+06
1.457239298456878169e+05
1.166062024745775852e+06
1.587563725863262312e+06
3.145850348383287434e+06
4.064443619021896739e+05
1.225448375348643167e+05
2.115015495863173623e+06
1.175711601102573040e+05
1.181358526887460845e+06
4.786490443359421566e+06
5.766157869069790468e+05
9.580455393530147150e+06
4.082530838896903442e+05
1.097117960241693305e+06
1.740817464370083297e+06
1.467813452861319762e+06
4.932386066079328884e+05
3.466371348207966890e+06
5.672705571561030112e+06
2.498750552570493892e+07
4.637304575858846074e+05
1.463581926535844803e+07
7.754044477526431438e+05
1.286557300616006367e+06
4.528669634655293194e+05
1.018186543908650987e+07
2.682466248354552779e+06
7.237251785270738415e+06
4.582833945347944391e+05
2.028881138531694596e+05
3.451657636837713420e+06
1.085441722832670994e+07
6.563255545903977007e+06
3.430622091655593249e+05
9.927782869425805984e+05
1.475509345967635512e+06
1.525295512390349060e+06
2.269671989169802400e+05
4.054209605757371988e+06
2.176159533261702163e+05
2.125514551146464422e+06
3.512259735613857047e+05
5.844018116838744842e+06
4.572295554784696549e+06
2.957763477555451915e+06
6.945519610995955300e+05
1.099134806659360789e+07
4.078685309446632862e+06
3.983061209975554608e+06
3.176680582139219041e+05
3.445574221743629896e+05
2.805327142845083959e+06
3.813547010331357014e+05
1.382989737915732339e+07
6.553117639456357574e+05
9.032273888688824372e+05
2.665681087388879387e+05
2.515414276953103836e+05
3.436323807009807206e+05
1.604126179045706289e+06
7.976538093376710312e+05
1.957549464920235565e+06
8.516205758862320799e+05
1.070294545358527079e+07
1.943521408286622725e+06
3.749093347845499404e+06
2.216678194665673655e+06
7.455988759103083983e+06
4.391120405837479047e+06
8.102242770022215322e+06
3.006965261320005637e+06
3.090315151449060068e+05
4.311165043461276218e+05
9.299880163203376578e+05
4.419884649555197684e+05
1.479635062737790402e+06
8.767932345688514179e+05
2.233312311765316874e+06
2.911138534445244353e+06
2.148572924120187236e+05
2.955758415447219741e+05
1.960320726407500624e+05
4.725895516252776608e+06
1.975849112685401924e+06
1.149477395027230494e+06
5.417253246255144477e+05
1.657287158809732879e+06
3.143527533926375909e+05
3.459780542716464843e+05
5.752605628705516458e+06
6.790377000117562711e+06
1.078061913956891978e+06
2.611982830010667443e+06
2.727811228357201442e+06
2.590820498119036783e+05
6.440049752282749396e+05
6.700303229640346952e+06
3.375955626122946851e+05
8.312047028539341874e+06
3.905669275828965474e+06
1.552056695684726816e+06
7.587264753375379369e+05
5.304928913890530821e+05
2.417478998496942688e+06
3.745074971210720483e+06
1.436043275870734593e+06
8.529426293243678287e+06
1.465308069127854193e+06
3.823578456358987838e+06
1.691374342311289220e+05
7.219622379568874603e+05
3.112637390537863597e+06
2.605176262673730671e+05
7.602769321990963072e+06
1.569921986653228756e+06
1.601797978048347635e+06
7.558507622294342145e+05
9.450947748625755310e+06
1.160388674841516837e+07
1.808839782279155042e+05
1.523320126416918938e+05
7.212012960670618340e+05
1.107938216687764972e+07
1.398367608142251847e+05
2.075652433871338144e+05
4.742762850394995185e+05
4.297687765953502618e+06
2.669120253795228899e+06
2.642997110300064087e+05
3.619535242537294398e+05
5.168730731404415332e+06
1.331079308657156653e+05
2.401960744836369995e+05
3.472145865153581370e+06
1.897367023267537879e+05
1.556356368553600041e+05
3.689140197163182893e+05
1.336655184550446866e+05
2.390646456379327865e+05
1.257248652264398756e+06
8.204822708288395777e+06
7.398217019598676125e+05
9.065503680950066075e+06
5.468023878977858461e+06
3.090288771641038824e+06
1.035738532255749032e+07
1.971739150644938229e+06
1.461453429334717244e+07
5.363261719404549338e+06
5.558721762599146459e+05
1.028867902477647061e+06
1.837703304341636598e+07
6.561512435169852688e+04
2.300214896851876285e+06
1.116673467875148170e+06
4.040112087122709025e+06
1.154558939985330217e+06
1.374829165590439225e+06
3.980497824880488217e+06
1.276153942628107499e+06
5.428337698425533250e+06
5.490218196358198300e+06
1.508125084438364208e+07
4.145358749458118109e+05
5.494013371885217493e+05
2.266291649588719476e+06
2.104775374492680654e+06
1.894185380453048565e+05
3.331639197971215472e+06
1.024842881745251012e+06
8.826055532209152356e+06
3.690622559574185871e+05
3.317707591630023718e+07
5.354423734457807150e+05
2.772833013264695928e+07
1.131069383392225951e+06
2.081812434378801845e+06
3.284250444489518180e+06
3.816205177172207623e+05
1.147250913304738235e+06
6.954849935559459263e+05
5.092089334104329464e+05
9.407243349995467812e+06
3.043269104086871375e+05
4.347461504878102802e+06
3.128200220824105782e+05
6.115158611647377256e+05
2.072732411470665038e+07
4.357241365067070350e+06
7.329100462268036790e+04
1.568358089740961231e+07
4.411761542358291335e+05
1.970153811865000799e+07
5.693571313695256598e+06
1.222934209042114904e+06
1.560282587004750967e+07
1.816927689023284242e+06
1.795153609376785578e+06
1.041660149028614513e+06
4.704346878024471807e+05
1.779483407615665346e+05
8.133981910631861538e+05
1.519744274735933356e+07
3.137445500915876590e+06
1.950391595362478402e+05
1.223000476452497300e+06
8.751262415326567367e+06
8.850698790139982477e+06
5.667443346515262965e+05
3.336113366673598066e+05
9.114459937877247110e+06
1.798324376023545628e+05
4.496324509870393202e+06
2.709960690990526346e+05
2.250819975532756653e+06
1.802508576782890363e+06
1.111106300127620925e+05
1.315569192936762993e+05
2.597281822260993067e+06
6.818815095005031675e+06
5.015945174900037237e+06
1.637952176905841008e+07
3.591727055637456360e+05
1.365123164097786415e+06
2.569369152233074419e+05
5.607499964437645394e+05
3.160776605739688966e+05
9.562379173992750002e+05
2.178189697401774582e+06
6.525627281151517527e+05
1.331657493731500395e+07
5.724961527489901520e+06
1.160342614828094095e+07
1.419415613385575416e+05
4.000664562946401420e+05
3.275935413038351107e+06
