3.537261392991055686e-01
-1.001661128316012395e+00
1.093373423175143522e+00
1.166521555870378979e-01
1.062245764701186701e+00
3.192782050559269669e-01
5.144460793955424327e-02
1.043449203937040437e+00
9.853060476019506186e-01
9.405903007246259051e-01
1.107602308546151493e+00
6.388505650769489563e-03
-7.092273096938939148e-01
4.817168421618669427e-01
-4.989311180423072756e-02
6.852347832639988923e-01
5.662390868834947799e-01
6.477979746864530597e-01
-7.932160147536153616e-01
-6.925691550437704791e-01
9.854663139370867242e-02
-4.574696944658569464e-01
1.828438968285013289e-01
-9.213375202495583949e-01
-9.681135557830007343e-01
-8.610721793711393346e-01
-7.910210398062691439e-01
-4.507619907201725340e-01
-7.844075173996727379e-01
6.491800800297760077e-01
7.103880557002946183e-01
1.054556104096677327e+00
2.966811252935883658e-01
-8.876639462171453943e-02
2.749925291325396870e-01
8.433278754187472082e-01
2.636432674219690853e-02
1.057690744390629156e+00
-1.259301240605452676e-01
6.597029597760262210e-01
-5.326494243225567971e-01
-2.181477537029437030e-01
-1.804924748679646029e-01
-5.905435632487074926e-01
3.744898141128274460e-01
8.534405937046103396e-01
8.072200823243655954e-01
5.351483947574708910e-01
1.021171337295934123e+00
-7.524177300218308773e-01
7.683749734206228865e-01
6.728322825236054960e-01
-3.558417531807744894e-02
-9.941001612208374971e-02
3.206283156026020209e-01
3.116667075457665304e-01
5.206421294154048862e-01
-1.079372025695601423e+00
-4.257053064522366981e-01
1.007323430897892003e+00
9.249538933940121277e-01
-3.264027927836217202e-01
-9.457638199304492232e-01
1.013331337657881193e-01
1.087876734020837510e+00
6.360605042558624689e-01
9.442524262526710288e-01
-3.507354691378661293e-01
4.817987511185013449e-01
7.527207795852062233e-01
-7.544950866703983294e-01
7.105064955585616016e-02
-8.580974648265691229e-01
9.568705629923996980e-01
7.157158006933332928e-01
5.068670160240733580e-01
3.089892547980271353e-01
-1.009655610906086132e+00
2.260531464793326117e-01
3.883518458522505767e-02
2.844786228011673690e-01
-7.141911655367145784e-01
-8.820341514098952729e-01
5.813773939785065181e-01
-2.152582587144546977e-01
-9.394369546068244148e-01
-1.549863909238240467e-01
6.859008473919860904e-01
9.033308662084174046e-01
-5.522655782842598171e-01
-7.419932012528942522e-01
-4.800937261344095930e-01
9.399542456482254948e-01
5.470692517811681643e-03
1.059748382730782978e+00
1.522234206148560531e-01
-2.163670900210137304e-01
-8.572121262332288438e-01
-1.034703142651144603e+00
6.604868969729638106e-01
-6.949851930842534387e-01
2.969992437705432087e-03
9.999729597059410224e-01
3.393113102349586963e-01
7.821098312508705241e-01
-1.062465953092191828e+00
-3.422402479403170439e-01
-3.086416570753485189e-01
7.144370635262244917e-01
-7.246004885390053829e-01
1.652257901472964363e-02
-9.113119149681327968e-01
6.459383948585220026e-01
6.294226625511578632e-01
-9.353746998558785108e-01
-1.061909793064535812e+00
3.569557943024840307e-01
4.504638187972176411e-02
-4.109015551065908767e-03
7.425534757468028602e-01
-3.414336434426950007e-01
1.247839189071949795e-01
-2.128900178501424989e-03
-5.049284104124431849e-01
4.941033641746992444e-01
-2.720503556678224300e-01
-5.264719697426940570e-01
7.934479435385992652e-01
-7.764375302465746920e-01
9.267735667260241783e-01
1.542778175356002146e-01
2.400790449996076381e-01
-2.674949817423701859e-01
2.410313280994458296e-01
-2.074817037955130061e-01
3.072368067527808666e-01
-8.537331626439819132e-01
-7.108475499864900238e-01
8.855851193545092315e-01
7.757693747498111136e-01
-6.091312598580600479e-01
-1.073736883396486874e+00
6.980311297772288093e-01
1.053295243525272262e+00
-3.426417399801060526e-01
-7.510354712891214035e-01
3.132175806926523753e-01
-8.620094813604826101e-01
-6.898160856940558361e-01
3.546048051576491389e-01
-9.720349683240243621e-01
-6.019535497604664442e-01
4.706062041864935708e-01
5.540874116760292623e-01
1.069764508495194555e+00
-7.117236544437481882e-01
-6.854412175070443425e-01
5.701888503455447843e-01
3.800325854119854796e-01
3.133299437140500965e-01
8.480568931726750748e-02
-2.144567072553198450e-01
9.690239869240495629e-01
1.755156933175505696e-02
5.753827679586507315e-01
-8.534422538129255997e-01
-5.920804515419959557e-01
-2.416920822887718145e-01
1.119655631572020749e+00
-6.927322676908360677e-01
1.976495923460213078e-01
9.962149731754905702e-01
7.126209134716390281e-01
3.761629342109316099e-01
7.410452566832508303e-01
-7.461097645121812505e-01
-1.458700587045713704e-01
8.484036764953062359e-01
-1.726477258633575818e-01
-6.891082638636660818e-01
6.734927276311372668e-02
2.974744811273168921e-01
-6.775622305948703072e-01
8.567685429391267427e-01
2.489560819085987475e-01
-1.054198112597063641e+00
-9.795729493356493123e-01
3.633522422259130025e-01
-5.208223424506783772e-01
3.210771780661096919e-01
1.029903496269489960e+00
-9.927792510817157190e-01
1.776349621292112602e-01
1.021953694029929860e+00
6.436970720246129041e-01
3.158578823357754972e-01
1.187300622096848501e-01
-5.064144619817492199e-01
5.204521540379829503e-01
9.268069364952713496e-01
